[-3.953]	[[0. 1. 0. 1. 1. 1. 1. 0. 1. 1. 1. 0. 1. 1.]]
[-3.9143]	[[1. 1. 0. 1. 0. 0. 1. 1. 0. 1. 1. 1. 0. 0.]]
[-4.4109]	[[0. 1. 1. 1. 0. 0. 1. 0. 1. 0. 0. 1. 1. 1.]]
[-5.9761]	[[0. 0. 1. 1. 1. 1. 1. 1. 0. 0. 0. 1. 1. 1.]]
[-3.8525]	[[0. 0. 1. 1. 0. 1. 0. 1. 0. 1. 0. 0. 1. 1.]]
[-6.0161]	[[0. 0. 1. 0. 0. 1. 1. 1. 1. 1. 1. 1. 1. 1.]]
[-3.3492]	[[0. 1. 1. 1. 0. 1. 1. 0. 1. 0. 1. 0. 0. 1.]]
[-5.5616]	[[0. 0. 0. 0. 0. 1. 0. 1. 1. 0. 1. 0. 0. 0.]]
[-5.0062]	[[0. 1. 0. 1. 1. 0. 0. 0. 0. 0. 0. 1. 0. 0.]]
[-4.7604]	[[0. 0. 0. 1. 0. 1. 1. 1. 0. 0. 0. 0. 1. 0.]]
[-3.984]	[[0. 1. 0. 0. 0. 1. 1. 1. 0. 1. 0. 1. 1. 1.]]
[-3.718]	[[0. 1. 1. 1. 0. 1. 0. 0. 0. 1. 0. 0. 1. 1.]]
[-4.6038]	[[0. 1. 1. 1. 1. 0. 1. 1. 1. 0. 1. 0. 0. 0.]]
[-4.0791]	[[1. 1. 0. 1. 1. 1. 1. 0. 1. 0. 1. 1. 1. 1.]]
[-3.4587]	[[1. 0. 1. 1. 0. 1. 0. 0. 1. 1. 0. 0. 0. 1.]]
[-4.1848]	[[0. 0. 0. 1. 0. 0. 0. 1. 1. 0. 1. 1. 0. 1.]]
[-3.7347]	[[0. 1. 0. 1. 1. 1. 0. 1. 0. 1. 0. 0. 1. 0.]]
[-5.7979]	[[0. 1. 0. 1. 0. 0. 0. 0. 0. 1. 0. 0. 0. 0.]]
[-4.7056]	[[0. 1. 1. 0. 0. 0. 0. 0. 1. 1. 1. 0. 1. 1.]]
[-4.7664]	[[1. 1. 0. 0. 1. 0. 0. 0. 1. 1. 1. 0. 0. 0.]]
[-3.2479]	[[1. 1. 1. 1. 0. 1. 1. 0. 1. 0. 1. 0. 0. 1.]]
[-3.8208]	[[1. 1. 1. 1. 0. 1. 1. 0. 1. 1. 0. 0. 0. 1.]]
[-3.8532]	[[1. 1. 1. 1. 0. 1. 0. 0. 1. 0. 1. 0. 0. 1.]]
[-3.4999]	[[1. 1. 0. 1. 0. 1. 1. 0. 1. 0. 1. 0. 0. 1.]]
[-3.7803]	[[1. 1. 1. 1. 0. 1. 1. 0. 0. 0. 1. 0. 0. 1.]]
[-3.7276]	[[1. 1. 0. 1. 0. 1. 0. 1. 0. 1. 0. 0. 1. 1.]]
[-3.3874]	[[1. 0. 1. 1. 0. 1. 1. 0. 1. 0. 1. 0. 0. 1.]]
[-3.786]	[[1. 1. 1. 1. 0. 0. 1. 0. 1. 0. 1. 0. 0. 1.]]
[-3.8378]	[[1. 0. 1. 1. 0. 1. 1. 0. 1. 0. 0. 0. 0. 1.]]
[-3.483]	[[1. 0. 1. 1. 0. 1. 1. 0. 1. 1. 1. 0. 0. 1.]]
[-3.8982]	[[0. 1. 0. 1. 0. 1. 0. 1. 0. 1. 1. 0. 1. 1.]]
[-3.9372]	[[1. 0. 1. 1. 1. 1. 0. 0. 1. 1. 1. 0. 0. 1.]]
[-3.6141]	[[1. 1. 1. 1. 0. 1. 1. 0. 1. 0. 1. 0. 1. 1.]]
[-3.7895]	[[1. 1. 1. 1. 0. 1. 1. 0. 1. 0. 1. 1. 0. 1.]]
[-3.4484]	[[1. 0. 1. 1. 0. 1. 0. 0. 0. 1. 0. 0. 1. 1.]]
[-3.6223]	[[1. 0. 1. 1. 0. 1. 0. 0. 1. 1. 0. 0. 1. 1.]]
[-3.7673]	[[1. 1. 1. 0. 1. 1. 0. 0. 0. 1. 0. 0. 1. 1.]]
[-3.9567]	[[1. 1. 1. 1. 1. 1. 0. 1. 0. 1. 0. 0. 1. 0.]]
[-3.9417]	[[1. 1. 0. 0. 0. 1. 0. 0. 0. 1. 0. 1. 1. 1.]]
[-3.7781]	[[0. 1. 0. 0. 1. 1. 0. 1. 0. 1. 0. 0. 1. 1.]]
[-3.946]	[[1. 1. 1. 1. 1. 1. 1. 0. 1. 0. 1. 0. 0. 1.]]
[-3.9066]	[[1. 1. 1. 1. 0. 1. 1. 0. 1. 0. 1. 0. 0. 0.]]
[-3.9067]	[[1. 1. 1. 1. 0. 1. 1. 1. 1. 0. 1. 0. 0. 1.]]
[-3.9712]	[[1. 1. 0. 1. 0. 1. 1. 0. 0. 1. 1. 0. 1. 1.]]
[-4.58]	[[1. 0. 0. 1. 0. 1. 0. 1. 0. 1. 0. 1. 0. 1.]]
[-3.7715]	[[1. 1. 0. 1. 1. 1. 0. 0. 0. 1. 0. 0. 1. 1.]]
[-3.6867]	[[1. 1. 0. 0. 1. 0. 1. 1. 0. 1. 0. 1. 1. 0.]]
[-3.4312]	[[1. 1. 0. 0. 1. 0. 0. 1. 0. 1. 0. 1. 1. 1.]]
[-3.9183]	[[1. 1. 0. 0. 1. 0. 0. 1. 0. 1. 1. 1. 1. 0.]]
[-3.6237]	[[1. 1. 0. 1. 1. 0. 0. 1. 0. 1. 0. 0. 1. 1.]]
[-3.8482]	[[1. 1. 0. 0. 0. 0. 1. 1. 0. 1. 0. 1. 1. 1.]]
[-4.2027]	[[1. 1. 0. 0. 1. 0. 0. 1. 0. 0. 0. 1. 1. 1.]]
[-3.9494]	[[1. 1. 0. 1. 1. 0. 0. 1. 1. 1. 0. 1. 1. 1.]]
[-3.7763]	[[1. 0. 0. 0. 1. 0. 0. 1. 0. 1. 0. 0. 1. 1.]]
[-3.6172]	[[1. 1. 1. 0. 1. 0. 0. 1. 0. 1. 0. 1. 1. 1.]]
[-3.5913]	[[1. 1. 0. 0. 1. 0. 1. 0. 0. 1. 0. 1. 1. 1.]]
[-3.992]	[[1. 0. 0. 0. 1. 0. 0. 0. 0. 1. 0. 1. 1. 1.]]
[-3.9712]	[[1. 1. 0. 0. 1. 0. 1. 1. 0. 1. 0. 0. 1. 1.]]
[-3.7883]	[[0. 1. 1. 1. 1. 1. 0. 1. 0. 1. 0. 0. 1. 1.]]
[-3.4528]	[[1. 0. 1. 1. 0. 1. 0. 0. 0. 1. 1. 0. 0. 1.]]
[-3.4763]	[[0. 1. 0. 1. 1. 0. 0. 1. 0. 1. 0. 1. 1. 1.]]
[-4.4849]	[[1. 1. 0. 1. 1. 0. 1. 1. 0. 1. 1. 1. 1. 1.]]
[-3.8701]	[[0. 1. 0. 0. 1. 0. 0. 1. 0. 1. 0. 1. 1. 0.]]
[-3.8014]	[[0. 1. 0. 1. 1. 0. 0. 1. 0. 1. 0. 0. 1. 1.]]
[-4.3281]	[[1. 0. 1. 0. 0. 1. 0. 0. 0. 1. 0. 0. 0. 1.]]
[-3.7196]	[[1. 0. 1. 1. 0. 1. 0. 0. 0. 1. 1. 0. 1. 1.]]
[-3.4326]	[[1. 0. 1. 1. 0. 0. 0. 1. 0. 1. 0. 0. 1. 1.]]
[-4.0317]	[[1. 0. 1. 1. 0. 0. 0. 0. 0. 1. 0. 0. 1. 1.]]
[-4.0288]	[[1. 0. 1. 1. 0. 0. 0. 1. 1. 1. 0. 0. 0. 1.]]
[-3.5278]	[[1. 1. 1. 1. 0. 1. 0. 1. 0. 1. 0. 0. 1. 1.]]
[-4.0801]	[[0. 1. 0. 1. 1. 1. 0. 0. 0. 1. 0. 1. 1. 1.]]
[-3.5052]	[[1. 0. 1. 1. 1. 0. 0. 1. 0. 1. 0. 0. 1. 1.]]
[-3.7043]	[[1. 1. 1. 1. 0. 1. 1. 0. 1. 1. 1. 0. 0. 1.]]
[-4.1275]	[[0. 1. 0. 1. 0. 1. 1. 0. 1. 0. 1. 0. 1. 1.]]
